0 0 0
0 1 0
0 2 0
0 3 0
0 4 0
0 5 0
0 6 0
0 7 0
0 8 0
0 9 0
0 10 0
0 11 0
0 12 0
0 13 0
0 14 0
0 15 0
0 16 0
0 17 0
0 18 0
0 19 0
0 20 0
0 21 0
0 22 0
0 23 0
0 24 0
1 0 0
1 1 0
1 2 0
1 3 0
1 4 0
1 5 0
1 6 0
1 7 0
1 8 0
1 9 0
1 10 0
1 11 0
1 12 0
1 13 0
1 14 0
1 15 0
1 16 0
1 17 0
1 18 0
1 19 0
1 20 0
1 21 0
1 22 0
1 23 0
1 24 0
2 0 0
2 1 0
2 2 0
2 3 0
2 4 0
2 5 0
2 6 0
2 7 0
2 8 0
2 9 0
2 10 0
2 11 0
2 12 0
2 13 0
2 14 0
2 15 0
2 16 0
2 17 0
2 18 0
2 19 0
2 20 0
2 21 0
2 22 0
2 23 0
2 24 0
3 0 0
3 1 0
3 2 0
3 3 0
3 4 0
3 5 0
3 6 0
3 7 0
3 8 0
3 9 0
3 10 0
3 11 0
3 12 0
3 13 0
3 14 0
3 15 0
3 16 0
3 17 0
3 18 0
3 19 0
3 20 0
3 21 0
3 22 0
3 23 0
3 24 0
4 0 0
4 1 0
4 2 0
4 3 0
4 4 0
4 5 0
4 6 0
4 7 0
4 8 0
4 9 0
4 10 0
4 11 0
4 12 0
4 13 0
4 14 0
4 15 0
4 16 0
4 17 0
4 18 0
4 19 0
4 20 0
4 21 0
4 22 0
4 23 0
4 24 0
5 0 0
5 1 0
5 2 0
5 3 0
5 4 0
5 5 0
5 6 0
5 7 0
5 8 0
5 9 0
5 10 0
5 11 0
5 12 0
5 13 0
5 14 0
5 15 0
5 16 0
5 17 0
5 18 0
5 19 0
5 20 0
5 21 0
5 22 0
5 23 0
5 24 0
6 0 0
6 1 0
6 2 0
6 3 0
6 4 0
6 5 0
6 6 0
6 7 0
6 8 0
6 9 0
6 10 0
6 11 0
6 12 0
6 13 0
6 14 0
6 15 0
6 16 0
6 17 0
6 18 0
6 19 0
6 20 0
6 21 0
6 22 0
6 23 0
6 24 0
7 0 0
7 1 0
7 2 0
7 3 0
7 4 0
7 5 0
7 6 0
7 7 0
7 8 0
7 9 0
7 10 0
7 11 0
7 12 0
7 13 0
7 14 0
7 15 0
7 16 0
7 17 0
7 18 0
7 19 0
7 20 0
7 21 0
7 22 0
7 23 0
7 24 0
8 0 0
8 1 0
8 2 0
8 3 0
8 4 0
8 5 0
8 6 0
8 7 0
8 8 0
8 9 0
8 10 0
8 11 0
8 12 0
8 13 0
8 14 0
8 15 0
8 16 0
8 17 0
8 18 0
8 19 0
8 20 0
8 21 0
8 22 0
8 23 0
8 24 0
9 0 9
9 1 0
9 2 0
9 3 0
9 4 0
9 5 0
9 6 0
9 7 37
9 8 356
9 9 1
9 10 2
9 11 0
9 12 0
9 13 0
9 14 0
9 15 0
9 16 0
9 17 1
9 18 0
9 19 0
9 20 0
9 21 0
9 22 0
9 23 2
9 24 672
10 0 0
10 1 0
10 2 0
10 3 0
10 4 0
10 5 0
10 6 0
10 7 703
10 8 5850
10 9 1539
10 10 0
10 11 0
10 12 1
10 13 0
10 14 5180
10 15 1576
10 16 0
10 17 0
10 18 0
10 19 0
10 20 104
10 21 703
10 22 2283
10 23 4475
10 24 402
11 0 153
11 1 32
11 2 170
11 3 38
11 4 1
11 5 2
11 6 0
11 7 1719
11 8 18727
11 9 17757
11 10 3034
11 11 0
11 12 7
11 13 419
11 14 9316
11 15 19006
11 16 14053
11 17 41
11 18 0
11 19 0
11 20 53
11 21 108
11 22 140
11 23 1961
11 24 1312
12 0 24
12 1 310
12 2 2
12 3 27
12 4 0
12 5 0
12 6 15
12 7 17900
12 8 4357
12 9 2385
12 10 10873
12 11 0
12 12 2
12 13 7255
12 14 38829
12 15 24104
12 16 1666
12 17 0
12 18 4
12 19 975
12 20 90299
12 21 31661
12 22 5547
12 23 6262
12 24 1536
13 0 0
13 1 3
13 2 1
13 3 0
13 4 0
13 5 0
13 6 7384
13 7 29604
13 8 21823
13 9 1160
13 10 1
13 11 6668
13 12 48726
13 13 59623
13 14 23812
13 15 20129
13 16 6178
13 17 0
13 18 10621
13 19 32137
13 20 30749
13 21 30425
13 22 413
13 23 549
13 24 95
14 0 0
14 1 57
14 2 411
14 3 0
14 4 0
14 5 18624
14 6 34385
14 7 15234
14 8 10128
14 9 0
14 10 1
14 11 4177
14 12 3612
14 13 1348
14 14 408
14 15 6509
14 16 11470
14 17 30581
14 18 20576
14 19 57495
14 20 80431
14 21 40221
14 22 20
14 23 25
14 24 0
15 0 0
15 1 0
15 2 0
15 3 0
15 4 6450
15 5 11598
15 6 32807
15 7 69138
15 8 3117
15 9 0
15 10 3
15 11 400
15 12 50943
15 13 17333
15 14 40953
15 15 61049
15 16 71644
15 17 74921
15 18 34980
15 19 4854
15 20 55027
15 21 102287
15 22 9186
15 23 62
15 24 0
16 0 5
16 1 24
16 2 20
16 3 89
16 4 4587
16 5 3490
16 6 5696
16 7 3153
16 8 3445
16 9 355
16 10 0
16 11 0
16 12 30432
16 13 149793
16 14 142900
16 15 82021
16 16 32698
16 17 10440
16 18 10082
16 19 4675
16 20 4611
16 21 4946
16 22 3335
16 23 365
16 24 56
17 0 45
17 1 216
17 2 326
17 3 189
17 4 52
17 5 38
17 6 18
17 7 17
17 8 25
17 9 163
17 10 26
17 11 417
17 12 461
17 13 10597
17 14 27706
17 15 18761
17 16 9685
17 17 2059
17 18 736
17 19 439
17 20 296
17 21 847
17 22 935
17 23 676
17 24 291
18 0 0
18 1 0
18 2 0
18 3 0
18 4 1
18 5 1
18 6 1
18 7 9
18 8 31
18 9 10
18 10 0
18 11 2
18 12 0
18 13 2
18 14 4
18 15 0
18 16 6
18 17 2
18 18 7
18 19 4
18 20 24
18 21 27
18 22 14
18 23 3
18 24 0
19 0 0
19 1 0
19 2 0
19 3 0
19 4 0
19 5 0
19 6 0
19 7 0
19 8 0
19 9 0
19 10 0
19 11 0
19 12 0
19 13 0
19 14 0
19 15 0
19 16 0
19 17 0
19 18 0
19 19 0
19 20 0
19 21 0
19 22 0
19 23 0
19 24 0
20 0 0
20 1 0
20 2 0
20 3 0
20 4 0
20 5 0
20 6 0
20 7 0
20 8 0
20 9 0
20 10 0
20 11 0
20 12 0
20 13 0
20 14 0
20 15 0
20 16 0
20 17 0
20 18 0
20 19 0
20 20 0
20 21 0
20 22 0
20 23 0
20 24 0
21 0 0
21 1 0
21 2 0
21 3 0
21 4 0
21 5 0
21 6 0
21 7 0
21 8 0
21 9 0
21 10 0
21 11 0
21 12 0
21 13 0
21 14 0
21 15 0
21 16 0
21 17 0
21 18 0
21 19 0
21 20 0
21 21 0
21 22 0
21 23 0
21 24 0
22 0 0
22 1 0
22 2 0
22 3 0
22 4 0
22 5 0
22 6 0
22 7 0
22 8 0
22 9 0
22 10 0
22 11 0
22 12 0
22 13 0
22 14 0
22 15 0
22 16 0
22 17 0
22 18 0
22 19 0
22 20 0
22 21 0
22 22 0
22 23 0
22 24 0
23 0 0
23 1 0
23 2 0
23 3 0
23 4 0
23 5 0
23 6 0
23 7 0
23 8 0
23 9 0
23 10 0
23 11 0
23 12 0
23 13 0
23 14 0
23 15 0
23 16 0
23 17 0
23 18 0
23 19 0
23 20 0
23 21 0
23 22 0
23 23 0
23 24 0
24 0 0
24 1 0
24 2 0
24 3 0
24 4 0
24 5 0
24 6 0
24 7 0
24 8 0
24 9 0
24 10 0
24 11 0
24 12 0
24 13 0
24 14 0
24 15 0
24 16 0
24 17 0
24 18 0
24 19 0
24 20 0
24 21 0
24 22 0
24 23 0
24 24 0
